22
NHAP01,2,TV01,2,100.0,TC02,5,100.0,700.0
NHAP02,2,TC01,2,300.0,TC02,5,100.0,700.0
TEST,1,12,0,100.0,0.0
NHAPHANGNGAY2,1,12,1,99.0,99.0
NHAPTEST,2,THUOCMOI,98,100.0,12,10,100.0,10800.0
NHAPHANGNGAY2,1,12,1,1.0,1.0
1,1,12,10,100.0,1000.0
12,1,12,100,1.0,100.0
123,1,12,1,1.0,1.0
1234,1,THUOCMOI,999,12.0,11988.0
NHAPHANG,1,THUOCMOI,100,100.0,10000.0
SDSFD,1,THUOCMOI,301,100.0,30100.0
132,1,12,1000,1.0,1000.0
DSJFDV,1,12,1,1.0,1.0
12132,2,TC01,100,100.0,TC02,1000,1.0,11000.0
FJDFDV,1,12,100,1.0,100.0
DSFFFD,2,TC01,89,100.0,TV01,96,100.0,18500.0
2DSFDF,2,TV02,100,0.0,THUOCMOI,500,100.0,50000.0
1,2,THUOCMOI,500,100.0,TV02,1000,1.0,51000.0
hkjhg,1,TV02,500,0.0,0.0
TEST,3,TC01,1000,100.0,TV02,1,100.0,THUOCMOI,101,0.0,100100.0
test,1,THUOCMOI,800,0.0,0.0
